pnum	cond	param	cat	value
1	1	catMu	0	1.83038977906108
1	1	catMu	1	87.9865102646872
1	1	catMu	2	184.3716842914
1	1	catMu	3	269.743065861985
2	1	catMu	0	355.880735853687
2	1	catMu	1	89.521164980717
2	1	catMu	2	181.99072196614
2	1	catMu	3	269.920253243297
3	1	catMu	0	359.481924947351
3	1	catMu	1	94.1649158801883
3	1	catMu	2	180.962993821129
3	1	catMu	3	273.868250573985
4	1	catMu	0	354.544087618589
4	1	catMu	1	86.4719016747549
4	1	catMu	2	184.619621576741
4	1	catMu	3	266.258936340921
5	1	catMu	0	3.75300268270075
5	1	catMu	1	93.2564156558365
5	1	catMu	2	174.915643508546
5	1	catMu	3	268.484050079249
6	1	catMu	0	2.68558356910944
6	1	catMu	1	93.5976411653683
6	1	catMu	2	182.874936824664
6	1	catMu	3	275.187625019811
7	1	catMu	0	358.686365749687
7	1	catMu	1	92.9027324225754
7	1	catMu	2	180.828004871495
7	1	catMu	3	266.304812810384
8	1	catMu	0	1.57493929937482
8	1	catMu	1	89.2826684480533
8	1	catMu	2	183.154255047441
8	1	catMu	3	264.927356790751
9	1	catMu	0	2.11657571978867
9	1	catMu	1	92.2628250578418
9	1	catMu	2	181.893750971183
9	1	catMu	3	275.687711661682
10	1	catMu	0	359.700928277336
10	1	catMu	1	84.3092104168609
10	1	catMu	2	181.253146299161
10	1	catMu	3	274.469073663466
11	1	catMu	0	2.09077835362405
11	1	catMu	1	92.8859871793538
11	1	catMu	2	181.472499308176
11	1	catMu	3	274.678207604215
12	1	catMu	0	5.95836664829403
12	1	catMu	1	88.2291512824595
12	1	catMu	2	182.184693935327
12	1	catMu	3	270.304899930954
13	1	catMu	0	3.30642380286008
13	1	catMu	1	89.7492077769712
13	1	catMu	2	174.844298668206
13	1	catMu	3	273.311256590299
14	1	catMu	0	358.687549606897
14	1	catMu	1	94.3834940437227
14	1	catMu	2	175.052291113883
14	1	catMu	3	272.425720126368
15	1	catMu	0	0.44277433399111
15	1	catMu	1	89.7093079537153
15	1	catMu	2	176.795763515867
15	1	catMu	3	268.436494669877
16	1	catMu	0	357.896209194325
16	1	catMu	1	90.0432668561116
16	1	catMu	2	177.265236197971
16	1	catMu	3	264.912053461187
17	1	catMu	0	354.333647958934
17	1	catMu	1	85.2948390087113
17	1	catMu	2	177.44421230536
17	1	catMu	3	270.747776063159
18	1	catMu	0	5.50652921386063
18	1	catMu	1	90.3373493850231
18	1	catMu	2	185.500311926007
18	1	catMu	3	275.281405862421
19	1	catMu	0	3.50677154771984
19	1	catMu	1	84.8983951248229
19	1	catMu	2	176.87791523058
19	1	catMu	3	275.274175412022
20	1	catMu	0	357.299068501219
20	1	catMu	1	85.1392038334161
20	1	catMu	2	174.317108737305
20	1	catMu	3	268.96912203636
1	1	catSD	NA	13.3576055454542
2	1	catSD	NA	11.016370363981
3	1	catSD	NA	15.0130131772551
4	1	catSD	NA	14.3529868778255
5	1	catSD	NA	13.8777863845148
6	1	catSD	NA	17.4603530240804
7	1	catSD	NA	13.8737907997526
8	1	catSD	NA	11.1986823515504
9	1	catSD	NA	16.0156292579671
10	1	catSD	NA	19.7320668256176
11	1	catSD	NA	19.7501326767768
12	1	catSD	NA	12.7369830235008
13	1	catSD	NA	18.0274132572874
14	1	catSD	NA	18.3748276756111
15	1	catSD	NA	13.7686325020754
16	1	catSD	NA	11.8821712269401
17	1	catSD	NA	17.1011005193696
18	1	catSD	NA	18.7705785820063
19	1	catSD	NA	18.2687452993736
20	1	catSD	NA	13.9032446839772
1	1	catSelectivity	NA	14.8168870945664
2	1	catSelectivity	NA	22.5629627925633
3	1	catSelectivity	NA	23.947981399974
4	1	catSelectivity	NA	19.3574390243896
5	1	catSelectivity	NA	19.178690872344
6	1	catSelectivity	NA	21.5528089979696
7	1	catSelectivity	NA	38.3512630234876
8	1	catSelectivity	NA	25.0779082850321
9	1	catSelectivity	NA	24.9262528893353
10	1	catSelectivity	NA	10.1454263859424
11	1	catSelectivity	NA	22.2709344877209
12	1	catSelectivity	NA	30.1615801234199
13	1	catSelectivity	NA	21.7525500352736
14	1	catSelectivity	NA	26.2494880879079
15	1	catSelectivity	NA	22.217595894033
16	1	catSelectivity	NA	15.5503387020487
17	1	catSelectivity	NA	21.5803737077897
18	1	catSelectivity	NA	28.1504986210888
19	1	catSelectivity	NA	14.2677355747615
20	1	catSelectivity	NA	18.1883453655036
1	1	contSD	NA	14.0144821190819
2	1	contSD	NA	22.7391086237257
3	1	contSD	NA	23.5110561653351
4	1	contSD	NA	18.3037775808095
5	1	contSD	NA	33.3813928660311
6	1	contSD	NA	11.343072058884
7	1	contSD	NA	19.6780375759193
8	1	contSD	NA	12.3019278735003
9	1	contSD	NA	17.9964366467084
10	1	contSD	NA	12.9964338503026
11	1	contSD	NA	31.0282174399333
12	1	contSD	NA	8.58626025844779
13	1	contSD	NA	30.2660474666465
14	1	contSD	NA	16.4914731782848
15	1	contSD	NA	19.1108638210792
16	1	contSD	NA	32.4858576853446
17	1	contSD	NA	20.273610164823
18	1	contSD	NA	23.8219451394162
19	1	contSD	NA	17.1885864569105
20	1	contSD	NA	13.0952156522922
1	2	contSD	NA	26.0144821190819
2	2	contSD	NA	34.7391086237257
3	2	contSD	NA	35.5110561653351
4	2	contSD	NA	30.3037775808095
5	2	contSD	NA	45.3813928660311
6	2	contSD	NA	23.343072058884
7	2	contSD	NA	31.6780375759193
8	2	contSD	NA	24.3019278735003
9	2	contSD	NA	29.9964366467084
10	2	contSD	NA	24.9964338503026
11	2	contSD	NA	43.0282174399333
12	2	contSD	NA	20.5862602584478
13	2	contSD	NA	42.2660474666465
14	2	contSD	NA	28.4914731782848
15	2	contSD	NA	31.1108638210792
16	2	contSD	NA	44.4858576853446
17	2	contSD	NA	32.273610164823
18	2	contSD	NA	35.8219451394162
19	2	contSD	NA	29.1885864569105
20	2	contSD	NA	25.0952156522922
1	3	contSD	NA	20.0144821190819
2	3	contSD	NA	28.7391086237257
3	3	contSD	NA	29.5110561653351
4	3	contSD	NA	24.3037775808095
5	3	contSD	NA	39.3813928660311
6	3	contSD	NA	17.343072058884
7	3	contSD	NA	25.6780375759193
8	3	contSD	NA	18.3019278735003
9	3	contSD	NA	23.9964366467084
10	3	contSD	NA	18.9964338503026
11	3	contSD	NA	37.0282174399333
12	3	contSD	NA	14.5862602584478
13	3	contSD	NA	36.2660474666465
14	3	contSD	NA	22.4914731782848
15	3	contSD	NA	25.1108638210792
16	3	contSD	NA	38.4858576853446
17	3	contSD	NA	26.273610164823
18	3	contSD	NA	29.8219451394162
19	3	contSD	NA	23.1885864569105
20	3	contSD	NA	19.0952156522922
1	1	nCat	NA	4
2	1	nCat	NA	4
3	1	nCat	NA	4
4	1	nCat	NA	4
5	1	nCat	NA	4
6	1	nCat	NA	4
7	1	nCat	NA	4
8	1	nCat	NA	4
9	1	nCat	NA	4
10	1	nCat	NA	4
11	1	nCat	NA	4
12	1	nCat	NA	4
13	1	nCat	NA	4
14	1	nCat	NA	4
15	1	nCat	NA	4
16	1	nCat	NA	4
17	1	nCat	NA	4
18	1	nCat	NA	4
19	1	nCat	NA	4
20	1	nCat	NA	4
1	1	pCatGuess	NA	0.40362838294916
2	1	pCatGuess	NA	0.601290498443985
3	1	pCatGuess	NA	0.25278442974475
4	1	pCatGuess	NA	0.396968402493138
5	1	pCatGuess	NA	0.396659682270248
6	1	pCatGuess	NA	0.0796683657282253
7	1	pCatGuess	NA	0.432034665496298
8	1	pCatGuess	NA	0.266484917099133
9	1	pCatGuess	NA	0.398149230730876
10	1	pCatGuess	NA	0.275139491197729
11	1	pCatGuess	NA	0.0693918930596477
12	1	pCatGuess	NA	0.465733561018765
13	1	pCatGuess	NA	0.548647368690643
14	1	pCatGuess	NA	0.287483226315537
15	1	pCatGuess	NA	0.0798929034457865
16	1	pCatGuess	NA	0.744603925044569
17	1	pCatGuess	NA	0.399475790155223
18	1	pCatGuess	NA	0.507077924079692
19	1	pCatGuess	NA	0.657720072448998
20	1	pCatGuess	NA	0.542880610651035
1	1	pContBetween	NA	0.476091395638641
2	1	pContBetween	NA	0.939540352769012
3	1	pContBetween	NA	0.931924024738194
4	1	pContBetween	NA	0.700181411718095
5	1	pContBetween	NA	0.139460435115524
6	1	pContBetween	NA	0.951122149308909
7	1	pContBetween	NA	0.741434778734497
8	1	pContBetween	NA	0.924091842196103
9	1	pContBetween	NA	0.416965423368587
10	1	pContBetween	NA	0.607705263372379
11	1	pContBetween	NA	0.724007145175333
12	1	pContBetween	NA	0.529864826590342
13	1	pContBetween	NA	0.611560376556884
14	1	pContBetween	NA	0.378992727128916
15	1	pContBetween	NA	0.423669004804874
16	1	pContBetween	NA	0.494153815326468
17	1	pContBetween	NA	0.40579132423264
18	1	pContBetween	NA	0.675201160820831
19	1	pContBetween	NA	0.690879468315457
20	1	pContBetween	NA	0.254902967447144
1	2	pContBetween	NA	0.711830832491774
2	2	pContBetween	NA	0.976874326731285
3	2	pContBetween	NA	0.973830099244542
4	2	pContBetween	NA	0.863911141584667
5	2	pContBetween	NA	0.305810648001338
6	2	pContBetween	NA	0.981445573147865
7	2	pContBetween	NA	0.886294672805882
8	2	pContBetween	NA	0.970667484072592
9	2	pContBetween	NA	0.660328128499206
10	2	pContBetween	NA	0.808094596156376
11	2	pContBetween	NA	0.877011180100846
12	2	pContBetween	NA	0.753914823497357
13	2	pContBetween	NA	0.810594227855877
14	2	pContBetween	NA	0.623909195421843
15	2	pContBetween	NA	0.666471789461532
16	2	pContBetween	NA	0.726435882389039
17	2	pContBetween	NA	0.649902003883973
18	2	pContBetween	NA	0.849643106454162
19	2	pContBetween	NA	0.858663568938299
20	2	pContBetween	NA	0.481850102695601
1	3	pContBetween	NA	0.332764637209938
2	3	pContBetween	NA	0.895051792116269
3	3	pContBetween	NA	0.882531775596693
4	3	pContBetween	NA	0.561724024100365
5	3	pContBetween	NA	0.0816768563151627
6	3	pContBetween	NA	0.914379280933549
7	3	pContBetween	NA	0.611456629955275
8	3	pContBetween	NA	0.869810841189495
9	3	pContBetween	NA	0.281862196292746
10	3	pContBetween	NA	0.459508011872563
11	3	pContBetween	NA	0.590111488799978
12	3	pContBetween	NA	0.382158070639431
13	3	pContBetween	NA	0.463533847372802
14	3	pContBetween	NA	0.250898544229907
15	3	pContBetween	NA	0.287464647957037
16	3	pContBetween	NA	0.349011795258132
17	3	pContBetween	NA	0.272615763756453
18	3	pContBetween	NA	0.532903536217559
19	3	pContBetween	NA	0.550881786248277
20	3	pContBetween	NA	0.158073646598436
1	1	pMem	NA	0.651451406078791
2	1	pMem	NA	0.719568976566862
3	1	pMem	NA	0.777689957786255
4	1	pMem	NA	0.785566884620073
5	1	pMem	NA	0.678552779958723
6	1	pMem	NA	0.631310725364357
7	1	pMem	NA	0.804191633468069
8	1	pMem	NA	0.835025535659861
9	1	pMem	NA	0.628490880299814
10	1	pMem	NA	0.730492232345394
11	1	pMem	NA	0.593429354053673
12	1	pMem	NA	0.830804629422347
13	1	pMem	NA	0.724259830117356
14	1	pMem	NA	0.688191018339079
15	1	pMem	NA	0.786816366028894
16	1	pMem	NA	0.72483418241659
17	1	pMem	NA	0.903734337533237
18	1	pMem	NA	0.988112390000529
19	1	pMem	NA	0.897438544508308
20	1	pMem	NA	0.739626189272155
1	2	pMem	NA	0.456466792140255
2	2	pMem	NA	0.535521209601565
3	2	pMem	NA	0.611175231904433
4	2	pMem	NA	0.622085068905867
5	2	pMem	NA	0.486785303933981
6	2	pMem	NA	0.434833779722127
7	2	pMem	NA	0.648556720235859
8	2	pMem	NA	0.694591060338003
9	2	pMem	NA	0.431863560393868
10	2	pMem	NA	0.549121390757868
11	2	pMem	NA	0.396076650555804
12	2	pMem	NA	0.688119106187923
13	2	pMem	NA	0.541328292591391
14	2	pMem	NA	0.497918932088055
15	2	pMem	NA	0.623830993800119
16	2	pMem	NA	0.542042748034972
17	2	pMem	NA	0.808365400883074
18	2	pMem	NA	0.973923538914365
19	2	pMem	NA	0.797231870607004
20	2	pMem	NA	0.560705695977141
1	3	pMem	NA	0.360181873215622
2	3	pMem	NA	0.435935232015782
3	3	pMem	NA	0.513060762883872
4	3	pMem	NA	0.524582097741883
5	3	pMem	NA	0.388678354270241
6	3	pMem	NA	0.340255453373538
7	3	pMem	NA	0.552975707123841
8	3	pMem	NA	0.603883181143644
9	3	pMem	NA	0.337545425248437
10	3	pMem	NA	0.449453600554361
11	3	pMem	NA	0.305373318214712
12	3	pMem	NA	0.596605374482099
13	3	pMem	NA	0.441689330645948
14	3	pMem	NA	0.399313985827335
15	3	pMem	NA	0.52643556668376
16	3	pMem	NA	0.442399120588785
17	3	pMem	NA	0.738738804101019
18	3	pMem	NA	0.961591087456579
19	3	pMem	NA	0.724936574684488
20	3	pMem	NA	0.461085503966322
