pnum	cond	param	cat	value
1	1	catMu	0	310.612152732164
1	1	catMu	1	359.996556366608
1	1	catMu	2	237.830797022581
2	1	catMu	0	69.8679874856025
2	1	catMu	1	24.5983816064894
2	1	catMu	2	0.184218781068921
2	1	catMu	3	193.447795078531
2	1	catMu	4	94.8176738385111
2	1	catMu	5	168.07758690007
2	1	catMu	6	314.361083455011
2	1	catMu	7	118.642818949744
2	1	catMu	8	241.267090940103
2	1	catMu	9	336.604502717033
3	1	catMu	0	72.7516180906445
3	1	catMu	1	166.793679697439
3	1	catMu	2	96.1099860649556
3	1	catMu	3	334.069825974852
3	1	catMu	4	289.636340757832
3	1	catMu	5	240.312411736697
3	1	catMu	6	46.5445920623839
3	1	catMu	7	0.0607606653124093
3	1	catMu	8	189.953116445616
3	1	catMu	9	143.967482801154
4	1	catMu	0	95.1435083650053
4	1	catMu	1	290.218715982512
4	1	catMu	2	334.137110714614
4	1	catMu	3	214.029563706368
4	1	catMu	4	122.162354227155
5	1	catMu	0	217.082381575182
5	1	catMu	1	0.623463545367122
5	1	catMu	2	264.142423859239
5	1	catMu	3	22.8197811227292
5	1	catMu	4	290.289139299095
5	1	catMu	5	168.351907623187
5	1	catMu	6	238.706962627172
5	1	catMu	7	94.5677381627262
6	1	catMu	0	71.3851897325367
6	1	catMu	1	142.924102281779
6	1	catMu	2	290.381750420854
6	1	catMu	3	45.8748085230589
6	1	catMu	4	26.2627520263195
6	1	catMu	5	262.640748773888
6	1	catMu	6	309.622072045505
7	1	catMu	0	69.6090002272278
7	1	catMu	1	120.663834252208
7	1	catMu	2	213.741876414791
7	1	catMu	3	143.6987519335
7	1	catMu	4	310.091369305551
7	1	catMu	5	263.097568963096
8	1	catMu	0	48.0311203412712
8	1	catMu	1	142.575388358161
8	1	catMu	2	311.918018928543
8	1	catMu	3	240.396922571585
8	1	catMu	4	95.6350616332143
8	1	catMu	5	170.099625684321
8	1	catMu	6	338.308298248798
8	1	catMu	7	117.718620369583
8	1	catMu	8	215.722264526412
8	1	catMu	9	25.3613932203501
9	1	catMu	0	241.099363137782
9	1	catMu	1	48.3943606294692
9	1	catMu	2	189.966488262266
9	1	catMu	3	313.090677086636
9	1	catMu	4	0.36584860123694
10	1	catMu	0	335.62006264776
10	1	catMu	1	310.379608556628
10	1	catMu	2	167.703988339752
10	1	catMu	3	25.7743771288544
10	1	catMu	4	121.94591030851
10	1	catMu	5	144.008703806251
11	1	catMu	0	358.445235815272
11	1	catMu	1	311.923548684642
11	1	catMu	2	264.450810230523
12	1	catMu	0	287.698808665574
12	1	catMu	1	240.33404731527
12	1	catMu	2	74.3020353432745
12	1	catMu	3	120.394696998596
12	1	catMu	4	334.132598403096
12	1	catMu	5	216.664394936711
13	1	catMu	0	262.965583676845
13	1	catMu	1	287.63469549492
13	1	catMu	2	238.424258518964
13	1	catMu	3	49.5554534375668
13	1	catMu	4	335.240143809468
13	1	catMu	5	215.179128303006
13	1	catMu	6	0.0364364448934795
14	1	catMu	0	142.949189154804
14	1	catMu	1	98.3641030311585
14	1	catMu	2	70.7333785749972
14	1	catMu	3	216.071910507604
14	1	catMu	4	287.679634859785
14	1	catMu	5	193.530049351975
14	1	catMu	6	310.754156188667
14	1	catMu	7	23.1447936080396
14	1	catMu	8	121.819475839287
14	1	catMu	9	50.232117497921
14	1	catMu	10	2.01015241071582
15	1	catMu	0	288.8344629094
15	1	catMu	1	312.089067159221
15	1	catMu	2	97.7174205444753
15	1	catMu	3	143.765787694976
15	1	catMu	4	191.24492187202
16	1	catMu	0	23.0698715865612
16	1	catMu	1	359.632962179929
16	1	catMu	2	142.551072119549
16	1	catMu	3	335.160524680093
16	1	catMu	4	165.611450789496
16	1	catMu	5	311.5016219493
16	1	catMu	6	213.669287845865
16	1	catMu	7	47.6652990527451
17	1	catMu	0	166.974228370562
17	1	catMu	1	338.334063012153
17	1	catMu	2	23.659689411521
18	1	catMu	0	261.814685547352
18	1	catMu	1	312.976512847468
18	1	catMu	2	166.884828319028
18	1	catMu	3	143.150424035266
18	1	catMu	4	215.505251292139
19	1	catMu	0	192.220694373921
19	1	catMu	1	358.806711214408
19	1	catMu	2	337.603880460933
20	1	catMu	0	263.770840310678
20	1	catMu	1	194.378140277043
20	1	catMu	2	311.545323560759
20	1	catMu	3	72.8453808121383
20	1	catMu	4	96.8134718365967
20	1	catMu	5	215.597106110305
20	1	catMu	6	142.322369281948
20	1	catMu	7	290.04153094478
20	1	catMu	8	237.621655291691
1	1	catSD	NA	7.66033526508593
2	1	catSD	NA	8.73323196481716
3	1	catSD	NA	6.86142841289459
4	1	catSD	NA	10.463735694089
5	1	catSD	NA	6.9301298173904
6	1	catSD	NA	7.32449434385415
7	1	catSD	NA	8.74074327087668
8	1	catSD	NA	2.23887283553166
9	1	catSD	NA	9.4241295203282
10	1	catSD	NA	8.92243699608198
11	1	catSD	NA	3.28677587251491
12	1	catSD	NA	7.35365058355114
13	1	catSD	NA	5.63145346348793
14	1	catSD	NA	8.06650053850013
15	1	catSD	NA	8.50303391423381
16	1	catSD	NA	3.02902687219921
17	1	catSD	NA	3.74498924142566
18	1	catSD	NA	6.95699822742903
19	1	catSD	NA	4.4556709136391
20	1	catSD	NA	9.74065754911629
1	1	catSelectivity	NA	6.95765389119085
2	1	catSelectivity	NA	6.66002551320345
3	1	catSelectivity	NA	7.4454471236417
4	1	catSelectivity	NA	7.84433589894802
5	1	catSelectivity	NA	8.12670317946605
6	1	catSelectivity	NA	12.8791343701837
7	1	catSelectivity	NA	8.82820402888054
8	1	catSelectivity	NA	12.0987839334312
9	1	catSelectivity	NA	11.7531088937072
10	1	catSelectivity	NA	13.5797076449034
11	1	catSelectivity	NA	12.6209153324815
12	1	catSelectivity	NA	9.93226069373651
13	1	catSelectivity	NA	11.0430473853446
14	1	catSelectivity	NA	6.54103465881878
15	1	catSelectivity	NA	17.4352392544788
16	1	catSelectivity	NA	11.6766508383507
17	1	catSelectivity	NA	6.82238487000638
18	1	catSelectivity	NA	10.3240309838146
19	1	catSelectivity	NA	10.8181245117259
20	1	catSelectivity	NA	14.2986760745686
1	1	contSD	NA	8.12565393884345
2	1	contSD	NA	5.99278205440636
3	1	contSD	NA	5.42422096909045
4	1	contSD	NA	11.01561889214
5	1	contSD	NA	16.5535843879972
6	1	contSD	NA	17.6149818416018
7	1	contSD	NA	13.1568871771502
8	1	contSD	NA	8.44282716054902
9	1	contSD	NA	8.2249481637492
10	1	contSD	NA	13.3249756287913
11	1	contSD	NA	8.11693245945159
12	1	contSD	NA	16.2679656336982
13	1	contSD	NA	4.35507955044071
14	1	contSD	NA	11.3457927384262
15	1	contSD	NA	14.9446936577688
16	1	contSD	NA	12.1987862854481
17	1	contSD	NA	9.67501021716486
18	1	contSD	NA	11.8583627686367
19	1	contSD	NA	17.9368611375979
20	1	contSD	NA	4.08370841796055
1	2	contSD	NA	13.1256539388435
2	2	contSD	NA	10.9927820544064
3	2	contSD	NA	10.4242209690905
4	2	contSD	NA	16.01561889214
5	2	contSD	NA	21.5535843879972
6	2	contSD	NA	22.6149818416018
7	2	contSD	NA	18.1568871771502
8	2	contSD	NA	13.442827160549
9	2	contSD	NA	13.2249481637492
10	2	contSD	NA	18.3249756287913
11	2	contSD	NA	13.1169324594516
12	2	contSD	NA	21.2679656336982
13	2	contSD	NA	9.35507955044071
14	2	contSD	NA	16.3457927384262
15	2	contSD	NA	19.9446936577688
16	2	contSD	NA	17.1987862854481
17	2	contSD	NA	14.6750102171649
18	2	contSD	NA	16.8583627686367
19	2	contSD	NA	22.9368611375979
20	2	contSD	NA	9.08370841796055
1	3	contSD	NA	23.1256539388435
2	3	contSD	NA	20.9927820544064
3	3	contSD	NA	20.4242209690905
4	3	contSD	NA	26.01561889214
5	3	contSD	NA	31.5535843879972
6	3	contSD	NA	32.6149818416018
7	3	contSD	NA	28.1568871771502
8	3	contSD	NA	23.442827160549
9	3	contSD	NA	23.2249481637492
10	3	contSD	NA	28.3249756287913
11	3	contSD	NA	23.1169324594516
12	3	contSD	NA	31.2679656336982
13	3	contSD	NA	19.3550795504407
14	3	contSD	NA	26.3457927384262
15	3	contSD	NA	29.9446936577688
16	3	contSD	NA	27.1987862854481
17	3	contSD	NA	24.6750102171649
18	3	contSD	NA	26.8583627686367
19	3	contSD	NA	32.9368611375979
20	3	contSD	NA	19.0837084179605
1	1	nCat	NA	3
2	1	nCat	NA	10
3	1	nCat	NA	10
4	1	nCat	NA	5
5	1	nCat	NA	8
6	1	nCat	NA	7
7	1	nCat	NA	6
8	1	nCat	NA	10
9	1	nCat	NA	5
10	1	nCat	NA	6
11	1	nCat	NA	3
12	1	nCat	NA	6
13	1	nCat	NA	7
14	1	nCat	NA	11
15	1	nCat	NA	5
16	1	nCat	NA	8
17	1	nCat	NA	3
18	1	nCat	NA	5
19	1	nCat	NA	3
20	1	nCat	NA	9
1	1	pCatGuess	NA	0.335142015865993
2	1	pCatGuess	NA	0.528011628138609
3	1	pCatGuess	NA	0.735912172246912
4	1	pCatGuess	NA	0.44660824953749
5	1	pCatGuess	NA	0.441032441543349
6	1	pCatGuess	NA	0.514165315512617
7	1	pCatGuess	NA	0.542964375390313
8	1	pCatGuess	NA	0.34362091898339
9	1	pCatGuess	NA	0.160834503430595
10	1	pCatGuess	NA	0.35012885823234
11	1	pCatGuess	NA	0.706837439560324
12	1	pCatGuess	NA	0.72915846466984
13	1	pCatGuess	NA	0.897994840513418
14	1	pCatGuess	NA	0.627901599017312
15	1	pCatGuess	NA	0.533356961563295
16	1	pCatGuess	NA	0.416160286181554
17	1	pCatGuess	NA	0.534618987613262
18	1	pCatGuess	NA	0.571404860380242
19	1	pCatGuess	NA	0.263970447454834
20	1	pCatGuess	NA	0.680514853232333
1	1	pContBetween	NA	0.477935603466743
2	1	pContBetween	NA	0.866337141577356
3	1	pContBetween	NA	0.833935359542624
4	1	pContBetween	NA	0.688169792734152
5	1	pContBetween	NA	0.252106282290706
6	1	pContBetween	NA	0.346325996974663
7	1	pContBetween	NA	0.221459580744249
8	1	pContBetween	NA	0.418402410181166
9	1	pContBetween	NA	0.681540216931525
10	1	pContBetween	NA	0.897159341318511
11	1	pContBetween	NA	0.951697577202265
12	1	pContBetween	NA	0.79483769069306
13	1	pContBetween	NA	0.444941431729664
14	1	pContBetween	NA	0.203156558917366
15	1	pContBetween	NA	0.551148573673936
16	1	pContBetween	NA	0.582679144178417
17	1	pContBetween	NA	0.537463205882275
18	1	pContBetween	NA	0.524832471570537
19	1	pContBetween	NA	0.953741030300282
20	1	pContBetween	NA	0.352976747306874
1	2	pContBetween	NA	0.648325090554006
2	2	pContBetween	NA	0.928836553741728
3	2	pContBetween	NA	0.910011780679561
4	2	pContBetween	NA	0.816314818744504
5	2	pContBetween	NA	0.404340915411477
6	2	pContBetween	NA	0.516187280680117
7	2	pContBetween	NA	0.364200015045979
8	2	pContBetween	NA	0.591619629775607
9	2	pContBetween	NA	0.811664031303273
10	2	pContBetween	NA	0.946142559861046
11	2	pContBetween	NA	0.975415936948681
12	2	pContBetween	NA	0.886385066358837
13	2	pContBetween	NA	0.617480775436301
14	2	pContBetween	NA	0.339240347435903
15	2	pContBetween	NA	0.712039994783153
16	2	pContBetween	NA	0.737648326071097
17	2	pContBetween	NA	0.700595292148349
18	2	pContBetween	NA	0.689848618986982
19	2	pContBetween	NA	0.976480772763686
20	2	pContBetween	NA	0.523487687941445
1	3	pContBetween	NA	0.216138160821391
2	3	pContBetween	NA	0.661268789445883
3	3	pContBetween	NA	0.601993612324858
4	3	pContBetween	NA	0.399290260506853
5	3	pContBetween	NA	0.0921710302800959
6	3	pContBetween	NA	0.137616618040188
7	3	pContBetween	NA	0.0789150132965503
8	3	pContBetween	NA	0.178090988109806
9	3	pContBetween	NA	0.391945686160517
10	3	pContBetween	NA	0.724332017834296
11	3	pContBetween	NA	0.855791375327357
12	3	pContBetween	NA	0.538507721417915
13	3	pContBetween	NA	0.194484343275853
14	3	pContBetween	NA	0.0713137818461809
15	3	pContBetween	NA	0.269987200065638
16	3	pContBetween	NA	0.296041724201027
17	3	pContBetween	NA	0.259250870744815
18	3	pContBetween	NA	0.249629676553767
19	3	pContBetween	NA	0.86130086547907
20	3	pContBetween	NA	0.141124675268849
1	1	pMem	NA	0.743226625965275
2	1	pMem	NA	0.7185239421258
3	1	pMem	NA	0.75060604036014
4	1	pMem	NA	0.800181884556218
5	1	pMem	NA	0.881978493335489
6	1	pMem	NA	0.899675785796938
7	1	pMem	NA	0.875178221903525
8	1	pMem	NA	0.787445277703718
9	1	pMem	NA	0.856461988778764
10	1	pMem	NA	0.813350855698443
11	1	pMem	NA	0.789403679055832
12	1	pMem	NA	0.860592961757124
13	1	pMem	NA	0.801325097487995
14	1	pMem	NA	0.772121130120447
15	1	pMem	NA	0.786432547033657
16	1	pMem	NA	0.886314534334369
17	1	pMem	NA	0.797018998380929
18	1	pMem	NA	0.725754690283477
19	1	pMem	NA	0.712640533107828
20	1	pMem	NA	0.77226939683689
1	2	pMem	NA	0.637101806921174
2	2	pMem	NA	0.607580113571262
3	2	pMem	NA	0.646078784537106
4	2	pMem	NA	0.708359845768628
5	2	pMem	NA	0.819253905927879
6	2	pMem	NA	0.844700599793209
7	2	pMem	NA	0.809619641810678
8	2	pMem	NA	0.69202306831898
9	2	pMem	NA	0.783505010088991
10	2	pMem	NA	0.725504409364945
11	2	pMem	NA	0.694519585050945
12	2	pMem	NA	0.789218914558216
13	2	pMem	NA	0.709837898835626
14	2	pMem	NA	0.672679070546922
15	2	pMem	NA	0.690734252357248
16	2	pMem	NA	0.825438310560671
17	2	pMem	NA	0.704280663468526
18	2	pMem	NA	0.616138287916389
19	2	pMem	NA	0.600666556982972
20	2	pMem	NA	0.672864625375372
1	3	pMem	NA	0.392410055080125
2	3	pMem	NA	0.362888659594615
3	3	pMem	NA	0.401756211260795
4	3	pMem	NA	0.471887561555857
5	3	pMem	NA	0.625111363752637
6	3	pMem	NA	0.666773368403003
7	3	pMem	NA	0.610054331440501
8	3	pMem	NA	0.4525418953665
9	3	pMem	NA	0.571068038386153
10	3	pMem	NA	0.492983448748647
11	3	pMem	NA	0.455452112588847
12	3	pMem	NA	0.579378757734524
13	3	pMem	NA	0.473673592976311
14	3	pMem	NA	0.43053400187
15	3	pMem	NA	0.451045889335234
16	3	pMem	NA	0.634978835241946
17	3	pMem	NA	0.466989619377819
18	3	pMem	NA	0.371260994324929
19	3	pMem	NA	0.356231864920556
20	3	pMem	NA	0.430740660932935
